     0/2         0/0      0.39     0.181      20.1      1.55      22.2        16      3.69          0          0          0          0       15.9
     1/2         0/0      1.18      18.4      2.88     0.042      22.5        16      4.72          0          0          0          0       6.51
     2/2         0/0     0.798     0.527      1.45     0.132      2.91        16      4.55          0          0          0          0       4.45
     0/2         0/0     0.467     0.349      1.04     0.189      2.04        16      4.84          0          0          0          0       18.3
     1/2         0/0     0.353      1.52     0.662     0.074      2.61        16      4.66          0          0          0          0       50.3
     2/2         0/0     0.427    0.0648      1.87     0.657      3.02        16      4.68          0          0          0          0       32.9
     0/2         0/0     0.431     0.153      19.5         0      20.1         4      3.89          0          0          0          0       4.37
     1/2         0/0     0.523     0.655      2.36         0      3.54         4      4.54          0          0          0          0       8.41
     2/2         0/0     0.401      1.27      4.22         0      5.89         4      4.48          0          0          0          0       9.18
    0/29       15/15     0.483      0.52      2.98         0      3.98        13      1.73     0.0278       0.18    0.00899     0.0481       1.48
    1/29       15/15     0.339     0.179      0.74         0      1.26         1      1.74      0.375       0.06       0.06      0.103      0.928
    0/29       15/15     0.785      3.92      2.46         0      7.16         5      1.78          0          0          0          0   8.26e+06
    0/29       15/15     0.461     0.424       6.1         0      6.98         2      1.79          0          0          0          0      0.961
    1/29       15/15     0.332    0.0475     0.975         0      1.35        16      1.92      0.111        0.2     0.0619      0.143       0.85
    0/29         0/0     0.539     0.388      16.8         0      17.7         4      3.71          0          0          0          0         13
    1/29         0/0      1.43      9.11      2.82         0      13.4         4      5.65          0          0          0          0       88.4
    2/29         0/0     0.979        64      1.88         0      66.8         4       5.2          0          0          0          0       2.27
    3/29         0/0     0.996      2.65      0.95         0       4.6         4      7.76          0          0          0          0       2.66
    4/29         0/0     0.708      2.59     0.961         0      4.26         4      5.43          0          0          0          0       5.12
    5/29         0/0      1.07     0.347      1.25         0      2.67         4      4.88          0          0          0          0       13.1
    6/29         0/0     0.305      2.33     0.922         0      3.56         4      4.98          0          0          0          0       4.43
    7/29         0/0     0.715     0.117     0.752         0      1.58         4       4.8          0          0          0          0        5.1
    8/29         0/0     0.251    0.0339      0.47         0     0.756         4      4.75          0          0          0          0       4.01
    9/29         0/0     0.325     0.126     0.593         0      1.05         4      4.89          0          0          0          0        2.2
   10/29         0/0     0.253      0.14     0.378         0     0.771         4      5.46          0          0          0          0       1.98
   11/29         0/0     0.389    0.0662     0.624         0      1.08         4      5.39          0          0          0          0       2.93
   12/29         0/0     0.356     0.176     0.534         0      1.07         4      5.45          0          0          0          0       2.78
   13/29         0/0     0.233     0.818     0.605         0      1.66         4      5.29          0          0          0          0        2.4
   14/29         0/0     0.676     0.143     0.719         0      1.54         4      5.21          0          0          0          0        2.4
   15/29         0/0     0.483     0.212     0.477         0      1.17         4      5.19          0          0          0          0       2.14
   16/29         0/0     0.241     0.227     0.411         0     0.878         4      5.45          0          0          0          0       1.98
   17/29         0/0     0.661    0.0879     0.369         0      1.12         4      6.33          0          0          0          0       1.61
    0/29       15/15     0.436  1.19e+03      3.02         0   1.2e+03         1      1.73          0          0          0          0        inf
    1/29       15/15     0.398  1.75e+03       2.1         0  1.75e+03         2       1.7          0          0          0          0   8.64e+07
    0/29         0/0     0.647     0.274      20.9         0      21.8         4      3.87          0          0          0          0   4.03e+04
    1/29         0/0       1.2       200      13.4         0       214         4         6          0          0          0          0   9.39e+18
     0/1         0/0      1.71  3.21e+04      9.12         0  3.21e+04         4      4.84          0          0          0          0        nan
     1/1         0/0     0.833  2.98e+07      26.6         0  2.98e+07         4      5.32          0          0          0          0        nan
     0/1         0/0     0.669     0.292      15.4         0      16.4         4      4.44          0          0          0          0   2.09e+04
     1/1         0/0      1.07      21.5      11.2         0      33.8         4       6.1          0          0          0          0   3.16e+09
